+----------------+-----------+----------------+-----------------+---------------+-------------+------------+------------------+--------------+-------------+--------------------+-------------------+------------+-----------------+--------------------+------------+-----------+---------------+
| Method         |   FERET-C |   defocus_blur |   gaussian_blur |   motion_blur |   zoom_blur |   blur Avg |   gaussian_noise |   shot_noise |   noise Avg |   brightness_minus |   brightness_plus |   contrast |   contrast_plus |   jpeg_compression |   pixelate |   spatter |   digital Avg |
+================+===========+================+=================+===============+=============+============+==================+==============+=============+====================+===================+============+=================+====================+============+===========+===============+
| VGG-16         |  0.886506 |       0.864831 |        0.917797 |      0.882203 |    0.888559 |   0.888348 |         0.866102 |     0.873729 |    0.869915 |           0.820339 |          0.932627 |   0.912288 |        0.902543 |           0.901695 |   0.927966 |  0.833898 |      0.890194 |
+----------------+-----------+----------------+-----------------+---------------+-------------+------------+------------------+--------------+-------------+--------------------+-------------------+------------+-----------------+--------------------+------------+-----------+---------------+
| SE-ResNet-50   |  0.86457  |       0.817373 |        0.939407 |      0.908475 |    0.86017  |   0.881356 |         0.777542 |     0.825847 |    0.801695 |           0.818644 |          0.952542 |   0.894492 |        0.898729 |           0.907627 |   0.931356 |  0.707204 |      0.872942 |
+----------------+-----------+----------------+-----------------+---------------+-------------+------------+------------------+--------------+-------------+--------------------+-------------------+------------+-----------------+--------------------+------------+-----------+---------------+
| DenseNet-121   |  0.867145 |       0.807203 |        0.902543 |      0.860169 |    0.878814 |   0.862182 |         0.859322 |     0.87161  |    0.865466 |           0.835593 |          0.952966 |   0.836017 |        0.922034 |           0.888983 |   0.923729 |  0.733898 |      0.87046  |
+----------------+-----------+----------------+-----------------+---------------+-------------+------------+------------------+--------------+-------------+--------------------+-------------------+------------+-----------------+--------------------+------------+-----------+---------------+
| MobileNet v2-A |  0.857627 |       0.858898 |        0.902966 |      0.904661 |    0.900424 |   0.891737 |         0.685593 |     0.713559 |    0.699576 |           0.83178  |          0.958474 |   0.922034 |        0.897881 |           0.883898 |   0.919068 |  0.769915 |      0.883293 |
+----------------+-----------+----------------+-----------------+---------------+-------------+------------+------------------+--------------+-------------+--------------------+-------------------+------------+-----------------+--------------------+------------+-----------+---------------+
| MobileNet v2-B |  0.830541 |       0.794491 |        0.876695 |      0.900847 |    0.926695 |   0.874682 |         0.699576 |     0.672458 |    0.686017 |           0.763559 |          0.947881 |   0.85339  |        0.863983 |           0.852542 |   0.913136 |  0.73178  |      0.84661  |
+----------------+-----------+----------------+-----------------+---------------+-------------+------------+------------------+--------------+-------------+--------------------+-------------------+------------+-----------------+--------------------+------------+-----------+---------------+
| MobileNet v2-C |  0.760137 |       0.841525 |        0.858898 |      0.820763 |    0.841949 |   0.840784 |         0.629661 |     0.639407 |    0.634534 |           0.701271 |          0.822034 |   0.715254 |        0.755932 |           0.761441 |   0.823305 |  0.670339 |      0.749939 |
+----------------+-----------+----------------+-----------------+---------------+-------------+------------+------------------+--------------+-------------+--------------------+-------------------+------------+-----------------+--------------------+------------+-----------+---------------+
| ShuffleNet     |  0.83354  |       0.814407 |        0.882203 |      0.859322 |    0.852966 |   0.852225 |         0.686441 |     0.68178  |    0.68411  |           0.827542 |          0.949576 |   0.86017  |        0.888559 |           0.866526 |   0.909746 |  0.75678  |      0.865557 |
+----------------+-----------+----------------+-----------------+---------------+-------------+------------+------------------+--------------+-------------+--------------------+-------------------+------------+-----------------+--------------------+------------+-----------+---------------+
| SqueezeNet     |  0.696675 |       0.725    |        0.814407 |      0.781356 |    0.712712 |   0.758369 |         0.591525 |     0.589831 |    0.590678 |           0.636017 |          0.758051 |   0.577966 |        0.789407 |           0.696186 |   0.794915 |  0.589407 |      0.691707 |
+----------------+-----------+----------------+-----------------+---------------+-------------+------------+------------------+--------------+-------------+--------------------+-------------------+------------+-----------------+--------------------+------------+-----------+---------------+
| XceptionNet    |  0.739309 |       0.679661 |        0.783475 |      0.755085 |    0.747458 |   0.741419 |         0.693644 |     0.700848 |    0.697246 |           0.740678 |          0.799152 |   0.784322 |        0.777119 |           0.751695 |   0.777543 |  0.620339 |      0.750121 |
+----------------+-----------+----------------+-----------------+---------------+-------------+------------+------------------+--------------+-------------+--------------------+-------------------+------------+-----------------+--------------------+------------+-----------+---------------+