+----------------+----------+----------------+-----------------+---------------+-------------+------------+------------------+--------------+-------------+--------------------+-------------------+------------+-----------------+--------------------+------------+-----------+---------------+
| Method         |    LFW+C |   defocus_blur |   gaussian_blur |   motion_blur |   zoom_blur |   blur Avg |   gaussian_noise |   shot_noise |   noise Avg |   brightness_minus |   brightness_plus |   contrast |   contrast_plus |   jpeg_compression |   pixelate |   spatter |   digital Avg |
+================+==========+================+=================+===============+=============+============+==================+==============+=============+====================+===================+============+=================+====================+============+===========+===============+
| VGG-16         | 0.96271  |       0.930206 |        0.986755 |      0.928136 |    0.966828 |   0.952981 |         0.969075 |     0.968799 |    0.968937 |           0.985651 |          0.982438 |   0.988588 |        0.984054 |           0.985    |   0.988923 |  0.850774 |      0.96649  |
+----------------+----------+----------------+-----------------+---------------+-------------+------------+------------------+--------------+-------------+--------------------+-------------------+------------+-----------------+--------------------+------------+-----------+---------------+
| SE-ResNet-50   | 0.967771 |       0.926067 |        0.986006 |      0.963713 |    0.980447 |   0.964058 |         0.97006  |     0.968562 |    0.969311 |           0.979225 |          0.980014 |   0.97755  |        0.979561 |           0.984547 |   0.988627 |  0.89664  |      0.969452 |
+----------------+----------+----------------+-----------------+---------------+-------------+------------+------------------+--------------+-------------+--------------------+-------------------+------------+-----------------+--------------------+------------+-----------+---------------+
| DenseNet-121   | 0.954804 |       0.909924 |        0.98025  |      0.917887 |    0.970652 |   0.944678 |         0.966394 |     0.963694 |    0.965044 |           0.974219 |          0.977944 |   0.961585 |        0.970001 |           0.978476 |   0.984409 |  0.857022 |      0.957665 |
+----------------+----------+----------------+-----------------+---------------+-------------+------------+------------------+--------------+-------------+--------------------+-------------------+------------+-----------------+--------------------+------------+-----------+---------------+
| MobileNet v2-A | 0.957533 |       0.925712 |        0.979955 |      0.952656 |    0.973943 |   0.958066 |         0.932157 |     0.928393 |    0.930275 |           0.97071  |          0.976387 |   0.973076 |        0.965448 |           0.974101 |   0.982813 |  0.912585 |      0.965017 |
+----------------+----------+----------------+-----------------+---------------+-------------+------------+------------------+--------------+-------------+--------------------+-------------------+------------+-----------------+--------------------+------------+-----------+---------------+
| MobileNet v2-B | 0.941494 |       0.930364 |        0.978378 |      0.95374  |    0.96598  |   0.957115 |         0.876634 |     0.859072 |    0.867853 |           0.962058 |          0.971834 |   0.962728 |        0.956282 |           0.966887 |   0.980684 |  0.874781 |      0.953608 |
+----------------+----------+----------------+-----------------+---------------+-------------+------------+------------------+--------------+-------------+--------------------+-------------------+------------+-----------------+--------------------+------------+-----------+---------------+
| MobileNet v2-C | 0.928713 |       0.894018 |        0.963457 |      0.939095 |    0.959535 |   0.939026 |         0.879058 |     0.873204 |    0.876131 |           0.944456 |          0.952085 |   0.922381 |        0.940751 |           0.949956 |   0.96464  |  0.890628 |      0.937842 |
+----------------+----------+----------------+-----------------+---------------+-------------+------------+------------------+--------------+-------------+--------------------+-------------------+------------+-----------------+--------------------+------------+-----------+---------------+
| ShuffleNet     | 0.945809 |       0.932571 |        0.979561 |      0.961309 |    0.976052 |   0.962373 |         0.926501 |     0.922401 |    0.924451 |           0.966355 |          0.975954 |   0.954489 |        0.970178 |           0.970888 |   0.981768 |  0.777491 |      0.942446 |
+----------------+----------+----------------+-----------------+---------------+-------------+------------+------------------+--------------+-------------+--------------------+-------------------+------------+-----------------+--------------------+------------+-----------+---------------+
| SqueezeNet     | 0.905782 |       0.793397 |        0.940475 |      0.892993 |    0.938898 |   0.891441 |         0.912841 |     0.911245 |    0.912043 |           0.897881 |          0.93267  |   0.902138 |        0.933576 |           0.933734 |   0.94828  |  0.837035 |      0.912188 |
+----------------+----------+----------------+-----------------+---------------+-------------+------------+------------------+--------------+-------------+--------------------+-------------------+------------+-----------------+--------------------+------------+-----------+---------------+
| XceptionNet    | 0.923188 |       0.89727  |        0.95374  |      0.931566 |    0.947039 |   0.932404 |         0.902316 |     0.895871 |    0.899093 |           0.936454 |          0.947196 |   0.868729 |        0.951868 |           0.943116 |   0.954055 |  0.872219 |      0.924805 |
+----------------+----------+----------------+-----------------+---------------+-------------+------------+------------------+--------------+-------------+--------------------+-------------------+------------+-----------------+--------------------+------------+-----------+---------------+